DATASET_HEATMAP
#In heatmaps, each ID is associated to multiple numeric values, which are displayed as a set of colored boxes defined by a color gradient
#lines starting with a hash are comments and ignored during parsing
#=================================================================#
#                    MANDATORY SETTINGS                           #
#=================================================================#
#select the separator which is used to delimit the data below (TAB,SPACE or COMMA).This separator must be used throughout this file (except in the SEPARATOR line, which uses space).
#SEPARATOR TAB
SEPARATOR SPACE
#SEPARATOR COMMA

#label is used in the legend table (can be changed later)
DATASET_LABEL HTTs

#dataset color (can be changed later)
COLOR #ff0000

#define labels for each individual field column
FIELD_LABELS Copia Gypsy LINE CACTA Helitron Mariner Mutator PIF-Harbinger hAT Other

#=================================================================#
#                    OPTIONAL SETTINGS                            #
#=================================================================#


#Heatmaps can have an optional Newick formatted tree assigned. Its leaf IDs must exactly match the dataset FIELD_LABELS.
#The tree will be used to sort the dataset fields, and will be displayed above the dataset. It can have branch lengths defined.
#All newlines and spaces should be stripped from the tree, and COMMA cannot be used as the dataset separator if a FIELD_TREE is provided.
FIELD_TREE (((f1:0.2,f5:0.5):1,(f2_longer_one:0.2,f3:0.3):1.2):0.5,(f4:0.1,f6:0.5):0.8):1.52;
#FIELD_TREE (((f1,f5),(f2_longer_one,f3)),(f4,f6));
#FIELD_TREE (:0.1,:0.2,(:0.3,:0.4):0.5):0.0;

#=================================================================#
#     all other optional settings can be set or changed later     #
#           in the web interface (under 'Datasets' tab)           #
#=================================================================#

#left margin, used to increase/decrease the spacing to the next dataset. Can be negative, causing datasets to overlap.
MARGIN 0

#width of the individual boxes
STRIP_WIDTH 50

#always show internal values; if set, values associated to internal nodes will be displayed even if these nodes are not collapsed. It could cause overlapping in the dataset display.
SHOW_INTERNAL 0

#if a FIELD_TREE is present, it can be hidden by setting this option to 0
SHOW_TREE 1

#define the heatmap gradient colors. Values in the dataset will be mapped onto the corresponding color gradient.
COLOR_MIN #0000ff
COLOR_MAX #ff0000

#you can specify a gradient with three colors (e.g red to yellow to green) by setting 'USE_MID_COLOR' to 1, and specifying the midpoint color
USE_MID_COLOR 1
COLOR_MID #ffff00

#Internal tree nodes can be specified using IDs directly, or using the 'last common ancestor' method described in iTOL help pages
#=================================================================#
#       Actual data follows after the "DATA" keyword              #
#=================================================================#
DATA
#ID1 Copia Gypsy LINE CACTA Helitron Mariner Mutator PIF-Harbinger hAT Other
#2711 0 0 0 0 0 0 0 0 0 0
2711 1 0 0 0 0 0 0 0 0 0
2769 0 0 0 0 0 0 0 0 0 0
2788 0 0 0 2 0 0 0 0 0 0
3055 0 0 0 0 0 0 0 0 0 0
3067 0 0 0 0 0 0 0 0 0 0
3075 0 0 0 7 0 0 0 0 0 0
3088 0 0 0 0 0 0 0 0 0 0
3197 0 0 0 0 4 0 1 0 0 0
3218 5 5 0 0 0 0 0 0 0 0
3225 0 0 0 0 0 0 0 0 0 0
3352 11 17 0 3 5 0 4 0 0 9
3369 3 4 0 0 0 0 0 0 0 4
3435 6 0 1 0 0 0 0 0 0 0
3469 0 1 0 1 2 0 0 0 0 2
3483 1 0 0 0 0 0 0 0 0 2
3486 0 0 0 0 0 0 0 0 0 0
3494 0 0 0 0 0 0 0 0 0 0
3512 8 8 0 8 13 0 2 0 0 16
3517 10 12 0 3 8 0 2 0 0 8
3555 1 0 0 0 0 1 0 0 0 0
3562 2 0 0 0 0 0 0 0 0 1
3570 0 1 0 0 0 0 0 0 0 0
3572 14 30 0 16 21 0 4 0 1 16
3617 0 0 0 0 2 0 0 0 0 0
3635 0 2 0 0 0 0 0 0 0 0
3641 0 0 0 0 0 0 0 0 0 0
3649 0 0 0 0 0 0 0 0 0 0
3654 0 0 0 0 0 0 0 0 0 0
3656 0 0 0 0 0 0 0 0 0 0
3659 0 0 0 0 0 0 0 0 0 0
3663 0 0 0 0 0 0 0 0 0 0
3691 1 5 0 2 7 0 1 0 0 2
3694 0 1 0 0 1 0 0 0 0 1
3696 0 0 0 0 1 0 0 0 0 1
3702 0 0 0 0 0 0 0 0 0 0
3707 1 0 0 2 1 0 0 0 0 0
3708 1 1 1 0 2 0 0 0 0 0
3711 10 6 2 42 26 2 6 0 0 18
3712 11 12 2 61 25 0 11 0 1 25
3726 7 5 1 8 13 0 3 0 0 4
3750 0 0 0 0 0 0 3 0 0 1
3752 0 0 0 0 0 0 0 0 0 0
3755 1 0 0 0 1 0 0 0 0 0
3760 0 0 0 0 2 0 0 0 0 0
3816 3 6 0 2 5 0 1 0 1 0
3818 0 0 0 0 1 0 0 0 0 2
3821 0 1 0 1 0 0 0 0 0 1
3824 4 3 0 2 7 0 1 0 0 4
3827 7 10 1 9 16 0 5 0 2 15
3830 8 24 0 6 12 1 2 0 2 12
3847 9 17 1 40 19 0 7 0 2 19
3848 0 0 0 0 0 0 0 0 0 0
3860 18 28 1 10 15 0 4 0 0 21
3870 0 0 0 0 0 0 0 0 0 0
3871 0 1 0 1 0 0 0 0 0 0
3880 1 0 0 0 0 0 0 0 0 0
3885 2 0 0 0 0 0 0 0 0 0
3886 4 4 1 3 6 0 5 0 0 7
3888 4 1 0 0 0 0 0 0 0 1
3891 2 2 0 4 5 0 3 0 0 9
3899 2 3 0 0 2 0 0 0 0 4
3906 17 20 1 12 13 1 8 0 0 24
3914 0 0 0 0 0 0 0 0 0 0
3915 5 10 0 5 7 0 1 0 0 7
3916 0 0 0 0 0 0 0 0 0 0
3917 0 2 0 0 0 0 0 0 0 0
3981 2 1 0 0 1 0 0 0 0 0
3983 1 0 0 0 0 0 1 0 0 0
3986 0 0 0 0 3 0 0 0 0 1
3988 2 0 0 0 0 0 0 0 0 0
4006 1 0 2 0 0 0 0 0 0 0
4023 1 0 0 0 0 0 0 0 0 0
4024 2 0 2 0 0 0 0 0 0 1
4058 0 0 0 0 0 0 0 0 0 0
4072 0 1 0 0 3 0 1 0 0 0
4081 7 21 1 7 18 0 4 0 0 11
4084 8 21 1 9 17 0 3 0 0 10
4097 1 5 0 0 3 0 1 0 0 0
4109 9 10 1 6 14 0 3 0 0 8
4111 0 2 0 0 1 0 0 0 0 0
4113 1 1 0 0 1 0 0 0 0 0
4155 1 3 0 0 0 0 0 0 0 0
4182 0 0 0 0 0 0 0 0 0 0
4217 0 2 0 0 0 0 0 0 0 0
4232 1 0 0 0 1 0 0 0 0 3
4236 17 13 0 1 18 0 3 0 1 5
4265 0 0 0 1 0 0 1 0 0 1
4283 11 15 0 6 7 0 2 0 1 16
4432 0 0 0 0 0 0 0 0 0 0
4442 5 3 0 0 0 0 0 0 0 2
4465 0 0 0 0 0 0 0 0 0 1
4498 0 2 0 0 1 0 0 0 0 0
4511 3 0 0 1 3 0 0 0 0 0
4521 4 7 0 19 9 0 4 0 0 10
4522 0 0 0 1 1 0 0 0 0 1
4528 0 0 0 0 1 0 0 0 0 0
4529 0 0 0 0 0 0 0 0 0 0
4530 15 21 0 29 25 2 3 0 0 8
4533 1 0 0 1 12 0 1 0 0 0
4536 0 0 0 0 0 0 0 0 0 0
4537 0 0 0 0 0 0 1 0 0 0
4538 2 1 0 4 20 0 2 0 0 2
4540 2 3 1 8 6 2 1 0 0 2
4550 0 0 0 3 2 0 0 0 0 1
4555 0 1 0 0 0 0 0 0 0 0
4556 1 1 0 0 0 0 0 0 0 0
4558 4 0 0 1 1 0 0 0 0 0
4565 0 1 0 2 2 1 0 0 0 3
4577 5 9 0 36 16 1 4 0 1 5
4615 0 1 0 5 0 0 0 0 0 13
4628 0 0 0 0 0 0 0 0 0 0
4686 7 3 0 18 15 0 3 0 1 11
13288 2 1 0 1 1 0 0 0 0 1
13427 1 1 0 0 0 0 0 0 0 2
13443 0 1 0 0 0 0 0 0 0 0
13451 0 0 0 0 0 0 0 0 0 0
13579 0 0 0 0 0 0 0 0 0 0
13708 0 0 0 0 0 0 0 0 0 0
13715 9 1 0 0 0 0 0 0 0 0
13818 0 0 0 3 1 0 0 0 0 3
13894 1 0 0 0 0 0 0 0 0 0
15368 0 0 0 0 0 0 0 0 0 0
22663 0 0 0 0 2 0 0 0 0 0
22666 0 0 0 21 7 0 1 0 0 0
23211 0 0 0 0 0 0 0 0 0 0
28502 0 0 0 0 1 0 0 0 0 0
28526 0 4 0 0 0 0 0 0 0 0
28532 0 0 0 0 0 0 0 0 0 0
29655 0 0 0 0 0 0 0 0 0 1
29656 0 1 0 0 0 0 0 0 0 0
29695 4 8 0 2 11 0 1 0 1 1
29722 0 0 0 0 1 0 1 0 0 0
29729 0 1 0 0 0 0 0 0 0 0
29730 0 0 0 0 0 0 0 0 2 0
29760 7 1 0 0 0 0 1 0 0 3
29780 1 0 0 0 0 0 0 0 0 0
29808 24 37 0 39 22 1 7 1 1 24
32201 14 1 0 0 0 0 0 0 0 0
32224 11 7 0 16 14 0 6 0 1 7
32244 1 3 0 4 7 0 1 0 1 3
33114 0 3 1 2 2 0 1 0 0 0
33119 0 0 0 1 2 0 0 0 0 0
34168 0 0 0 0 0 0 0 0 0 0
34294 0 1 0 0 0 0 0 0 0 0
34305 0 1 0 0 1 0 0 0 0 1
35885 2 0 0 0 0 0 0 0 0 0
36596 3 4 0 6 4 0 1 0 0 3
36774 3 4 1 12 19 0 1 0 1 3
38414 0 2 0 0 1 1 0 0 0 0
38705 0 1 0 0 2 0 0 0 0 0
38722 0 0 0 16 2 0 0 0 0 0
38727 1 0 0 16 0 0 0 0 0 0
38785 1 1 0 2 7 0 2 0 0 1
38833 0 0 1 1 0 0 0 0 0 0
38846 0 1 0 0 1 0 0 0 0 0
38873 1 1 0 0 0 0 0 0 0 0
38942 2 0 0 0 0 0 0 0 0 1
39946 12 9 1 6 17 1 1 0 0 1
39947 5 11 0 4 17 1 0 0 0 1
40148 0 0 0 0 0 0 0 0 0 0
40149 0 0 0 0 0 0 0 0 0 0
40686 0 0 0 0 0 0 0 0 0 1
41875 0 0 0 0 0 0 0 0 0 0
42229 2 0 0 0 1 0 0 0 0 0
42345 0 1 0 1 0 0 0 0 0 0
43366 6 16 1 10 13 0 5 0 1 10
43536 0 0 0 0 2 0 0 0 0 0
43782 3 0 0 1 0 0 0 0 0 0
45249 0 2 0 5 14 0 2 0 0 2
45834 0 0 0 0 2 0 0 0 0 1
49168 0 1 0 0 1 0 0 0 0 0
49212 0 0 0 0 1 0 0 0 0 0
49369 0 1 0 0 0 0 0 0 0 0
49390 0 1 0 0 0 0 0 0 0 3
49451 0 0 0 0 1 0 0 0 0 1
49495 2 1 0 5 1 0 0 0 0 3
50273 9 9 3 16 14 1 6 0 0 14
50452 0 0 0 0 2 0 0 0 0 0
51239 1 0 0 0 0 0 0 0 0 0
51240 11 0 0 0 0 0 0 0 0 1
51605 0 0 0 0 0 0 0 0 0 0
51953 1 0 0 0 0 0 0 0 0 0
52838 11 5 1 34 6 0 5 0 0 30
53036 0 0 0 0 0 0 0 0 0 0
54955 0 0 0 0 0 0 0 0 0 1
55184 0 0 0 0 0 0 0 0 0 1
55363 6 2 1 0 0 0 1 0 0 4
55513 8 1 0 2 0 0 0 0 0 2
55571 0 0 0 0 0 0 0 0 0 1
55577 0 2 0 0 0 0 0 0 0 0
56036 5 0 0 0 0 0 0 0 0 0
57577 0 0 0 0 0 0 0 0 0 1
57918 0 0 0 1 1 0 0 0 0 0
57926 0 0 0 0 1 0 0 0 0 0
58331 3 3 0 0 0 0 0 0 0 3
59490 9 6 0 12 15 0 3 0 1 9
59895 0 1 0 1 0 0 1 0 0 1
60698 0 0 0 0 0 0 0 0 0 0
62335 4 3 0 1 3 0 0 0 0 0
63359 10 16 0 15 10 0 2 0 1 13
63459 0 0 0 0 0 1 2 0 0 3
63677 0 0 1 0 0 0 0 0 0 0
63787 0 0 0 0 0 0 0 0 0 0
66656 2 1 0 0 8 0 1 0 0 3
69332 0 0 0 5 0 0 1 0 0 0
70448 0 0 0 2 0 0 0 0 0 0
71139 0 0 0 0 0 0 0 0 0 1
72664 0 0 0 0 1 0 0 0 0 0
72917 1 0 0 0 3 0 0 0 0 0
74645 9 8 0 5 12 0 3 0 1 10
74649 0 0 0 0 0 0 0 0 0 0
75079 1 0 0 0 1 0 0 0 0 0
75702 0 0 0 1 0 0 0 0 0 1
75948 0 0 0 0 0 0 0 0 0 2
77065 0 0 0 0 0 0 0 0 0 0
77586 0 0 0 0 2 0 0 0 0 0
78828 1 1 0 0 0 0 0 0 0 0
79200 0 0 0 0 0 0 0 0 0 1
80379 6 6 1 3 18 1 3 0 1 7
81972 1 0 0 0 0 0 0 0 0 0
81985 0 0 0 0 5 0 1 0 0 0
85681 1 0 0 0 0 0 0 0 0 0
86752 9 0 0 0 0 0 0 0 0 0
88036 0 0 0 0 0 0 0 0 0 0
89674 0 1 0 1 1 0 0 0 0 1
90397 3 3 1 6 2 0 1 0 0 0
90675 0 0 0 0 1 0 0 0 0 0
92480 0 0 0 0 0 0 0 0 0 2
94219 0 1 0 0 0 0 0 0 0 0
94328 7 7 0 12 4 0 1 0 0 4
96939 6 0 0 0 0 0 0 0 0 1
97700 1 0 0 0 0 0 0 0 0 1
99300 13 17 0 6 25 0 1 1 1 11
99658 2 0 0 0 0 0 0 0 0 0
102107 1 0 0 0 2 0 0 0 0 0
102211 0 0 0 0 0 0 0 0 0 0
103349 13 4 0 11 2 0 2 0 0 6
109376 2 1 1 1 0 0 0 0 0 0
110835 1 0 0 0 3 0 0 0 0 0
112509 0 1 1 5 1 0 2 0 0 0
112863 0 0 0 0 2 0 1 0 0 3
112874 5 4 1 1 2 0 3 0 0 3
114280 1 0 0 0 0 0 0 0 0 1
118357 0 1 0 0 1 0 0 0 0 0
118781 0 0 0 0 1 0 0 0 0 1
119954 5 4 0 4 3 0 1 0 0 1
128206 0 0 0 3 4 0 1 0 0 0
128215 0 0 0 0 0 0 0 0 0 0
128251 0 0 0 4 3 0 1 0 0 1
130081 0 0 0 0 0 0 0 0 0 0
130453 0 0 0 0 0 0 0 0 0 0
130454 0 0 0 0 0 0 0 0 0 0
147425 10 15 1 10 10 1 3 0 0 10
152367 7 4 0 3 11 0 2 0 1 4
152371 4 5 0 6 9 0 1 0 1 8
155640 3 3 0 3 5 0 1 0 0 3
158149 1 1 0 0 0 0 0 0 0 1
158383 4 3 0 0 0 0 0 0 0 2
158543 0 0 0 0 0 0 0 0 0 1
161865 0 1 0 0 0 0 0 0 0 0
165200 8 0 0 1 0 0 0 0 0 0
167791 1 0 0 0 0 0 0 0 0 0
168488 0 1 0 0 0 0 0 0 0 1
168575 2 0 0 0 0 0 0 0 0 0
172797 1 0 0 0 1 0 0 0 0 0
175694 2 3 0 0 6 0 1 0 1 2
176857 5 2 5 0 0 0 0 0 0 0
178133 0 0 0 0 0 0 0 0 0 0
180498 0 0 0 0 0 0 0 0 0 0
180675 5 8 0 14 9 0 5 0 0 4
182163 0 0 0 0 1 0 0 0 0 0
185202 0 0 0 0 4 0 0 0 0 1
187284 0 0 0 0 0 0 0 0 0 0
192012 13 18 0 4 16 0 2 0 0 7
195583 9 16 0 5 19 1 4 0 0 12
198213 0 0 0 0 0 0 0 0 0 0
200361 0 1 0 4 1 0 0 0 0 6
206008 2 0 0 0 2 0 0 0 0 0
210143 0 0 0 0 0 0 0 0 0 0
210225 0 0 0 0 0 0 0 0 0 0
212925 12 13 0 8 16 1 4 0 1 11
214687 0 0 0 0 0 0 0 0 0 0
217475 0 3 0 0 0 0 0 0 0 0
219896 2 8 0 12 7 0 3 0 0 6
225117 0 0 0 1 0 1 0 0 0 13
226208 0 1 0 0 0 0 0 0 0 0
229202 0 0 0 0 1 0 0 0 0 0
236973 0 0 1 8 6 0 1 0 0 0
240449 3 14 0 8 11 1 2 0 0 5
243964 5 10 0 16 14 1 6 0 0 7
248742 0 0 0 0 0 0 0 0 0 0
252529 2 3 0 2 3 0 1 0 0 4
253017 0 0 0 0 1 0 0 0 0 2
261450 2 2 0 0 0 0 0 0 0 0
262757 1 3 0 10 5 0 2 0 1 6
262921 0 1 0 0 1 0 0 0 0 0
264402 0 0 0 0 0 0 0 0 0 0
273540 0 0 0 0 0 0 1 0 0 1
280699 0 0 0 0 0 0 0 0 0 0
296587 0 0 0 0 0 0 0 0 0 0
309978 0 1 0 10 1 0 0 0 0 0
315347 5 7 2 7 11 1 3 0 0 6
320322 5 2 0 0 6 0 1 0 0 3
325984 0 1 0 0 0 0 0 0 0 0
326968 0 0 0 0 0 0 0 0 0 0
347529 0 0 0 0 0 0 0 0 0 0
360336 0 0 0 0 0 0 0 0 0 1
360622 0 0 0 1 0 0 0 0 0 1
362788 0 0 0 0 0 0 0 0 0 1
397392 17 1 0 0 0 0 0 0 0 0
402998 0 0 0 1 2 0 1 0 0 0
425828 9 17 0 4 11 0 2 0 1 10
434234 3 1 0 0 0 0 0 0 0 0
434235 2 1 0 0 0 0 0 0 0 0
436017 0 0 0 0 0 0 0 0 0 0
455371 0 0 0 0 0 0 0 0 0 0
458696 4 18 0 7 15 0 5 1 4 6
461633 7 7 0 2 8 0 3 0 1 9
479676 0 1 0 0 1 0 0 0 0 0
544730 0 0 0 0 1 0 0 0 0 0
554065 0 0 0 0 0 0 0 0 0 0
561372 45 4 0 0 1 0 0 0 0 2
586398 9 5 0 6 4 0 1 0 0 2
586722 1 0 0 0 0 0 0 0 0 0
889485 0 0 0 0 1 0 0 0 0 0
906689 0 0 0 0 0 0 0 0 0 0
906938 0 0 0 1 0 0 0 0 0 1
981085 1 0 0 0 0 0 0 0 0 0
1000413 12 10 1 15 10 0 2 0 0 5
1010633 2 0 0 0 1 0 0 0 0 0
1070856 0 0 0 10 1 0 0 0 0 0
1148796 0 0 0 0 1 0 0 0 0 0
1278906 0 0 0 0 1 0 0 0 0 1
1413687 0 0 0 0 0 0 0 0 0 2
1470871 0 0 0 0 0 0 0 0 0 0
1590841 4 0 0 0 0 0 0 0 0 0
1764295 0 0 0 0 0 0 0 0 0 0
1813537 1 0 0 1 0 0 0 0 0 0
1840588 5 0 0 0 0 0 0 0 0 3
1862640 3 0 0 0 0 0 0 0 0 0
2022672 0 0 0 0 0 0 0 0 0 0
2182728 5 3 0 2 6 0 1 0 1 4
2249226 12 1 0 0 0 0 0 0 0 0
2315456 0 0 0 0 0 0 0 0 0 0
2448454 0 0 0 0 0 0 0 0 0 0
2511006 4 3 0 4 2 0 2 0 0 5
2594499 1 1 0 0 0 0 0 0 0 0
2742167 0 1 0 0 0 0 0 0 0 0
2759587 24 38 0 68 10 2 13 1 4 21
2812611 0 0 0 0 0 0 0 0 0 0
3014308 0 4 0 44 0 0 1 0 0 1
3014309 0 8 1 47 0 0 1 0 0 1
