DATASET_HEATMAP
#In heatmaps, each ID is associated to multiple numeric values, which are displayed as a set of colored boxes defined by a color gradient
#lines starting with a hash are comments and ignored during parsing
#=================================================================#
#                    MANDATORY SETTINGS                           #
#=================================================================#
#select the separator which is used to delimit the data below (TAB,SPACE or COMMA).This separator must be used throughout this file (except in the SEPARATOR line, which uses space).
#SEPARATOR TAB
SEPARATOR SPACE
#SEPARATOR COMMA

#label is used in the legend table (can be changed later)
DATASET_LABEL HTTs

#dataset color (can be changed later)
COLOR #ff0000

#define labels for each individual field column
FIELD_LABELS Copia Gypsy LINE CACTA Helitron Mariner Mutator PIF-Harbinger hAT Other

#=================================================================#
#                    OPTIONAL SETTINGS                            #
#=================================================================#


#Heatmaps can have an optional Newick formatted tree assigned. Its leaf IDs must exactly match the dataset FIELD_LABELS.
#The tree will be used to sort the dataset fields, and will be displayed above the dataset. It can have branch lengths defined.
#All newlines and spaces should be stripped from the tree, and COMMA cannot be used as the dataset separator if a FIELD_TREE is provided.
FIELD_TREE (((f1:0.2,f5:0.5):1,(f2_longer_one:0.2,f3:0.3):1.2):0.5,(f4:0.1,f6:0.5):0.8):1.52;
#FIELD_TREE (((f1,f5),(f2_longer_one,f3)),(f4,f6));
#FIELD_TREE (:0.1,:0.2,(:0.3,:0.4):0.5):0.0;

#=================================================================#
#     all other optional settings can be set or changed later     #
#           in the web interface (under 'Datasets' tab)           #
#=================================================================#

#left margin, used to increase/decrease the spacing to the next dataset. Can be negative, causing datasets to overlap.
MARGIN 0

#width of the individual boxes
STRIP_WIDTH 50

#always show internal values; if set, values associated to internal nodes will be displayed even if these nodes are not collapsed. It could cause overlapping in the dataset display.
SHOW_INTERNAL 0

#if a FIELD_TREE is present, it can be hidden by setting this option to 0
SHOW_TREE 1

#define the heatmap gradient colors. Values in the dataset will be mapped onto the corresponding color gradient.
COLOR_MIN #0000ff
COLOR_MAX #ff0000

#you can specify a gradient with three colors (e.g red to yellow to green) by setting 'USE_MID_COLOR' to 1, and specifying the midpoint color
USE_MID_COLOR 1
COLOR_MID #ffff00

#Internal tree nodes can be specified using IDs directly, or using the 'last common ancestor' method described in iTOL help pages
#=================================================================#
#       Actual data follows after the "DATA" keyword              #
#=================================================================#
DATA
#ID1 value1 value2 value3 value4 value5 value6
#9606 100 300 250 100 50 210
2711 0 0 0 0 0 0 0 0 0 0
2769 0 0 0 0 0 0 0 0 0 0
2788 0 0 0 2 0 0 0 0 0 0
3055 0 0 0 0 0 0 0 0 0 0
3067 0 0 0 0 0 0 0 0 0 0
3075 0 0 0 0 0 0 0 0 0 0
3088 0 0 0 0 0 0 0 0 0 0
3197 0 0 0 0 0 0 0 0 0 0
3218 0 0 0 0 0 0 0 0 0 0
3225 0 0 0 0 0 0 0 0 0 0
3352 0 2 0 1 0 0 2 0 0 0
3369 0 1 0 0 0 0 0 0 0 1
3435 1 0 0 0 0 0 0 0 0 0
3469 0 0 0 0 2 0 0 0 0 0
3483 0 0 0 0 0 0 0 0 0 0
3486 0 0 0 0 0 0 0 0 0 0
3494 0 0 0 0 0 0 0 0 0 0
3512 1 1 0 5 2 0 1 0 0 9
3517 1 2 0 0 1 0 0 0 0 0
3555 0 0 0 0 0 0 0 0 0 0
3562 0 0 0 0 0 0 0 0 0 0
3570 0 0 0 0 0 0 0 0 0 0
3572 1 1 0 1 0 0 0 0 0 1
3617 0 0 0 0 0 0 0 0 0 0
3635 0 1 0 0 0 0 0 0 0 0
3641 0 0 0 0 0 0 0 0 0 0
3649 0 0 0 0 0 0 0 0 0 0
3654 0 0 0 0 0 0 0 0 0 0
3656 0 0 0 0 0 0 0 0 0 0
3659 0 0 0 0 0 0 0 0 0 0
3663 0 0 0 0 0 0 0 0 0 0
3691 0 1 0 2 0 0 0 0 0 0
3694 0 1 0 0 0 0 0 0 0 0
3696 0 0 0 0 0 0 0 0 0 0
3702 0 0 0 0 0 0 0 0 0 0
3707 1 0 0 0 0 0 0 0 0 0
3708 0 0 1 0 0 0 0 0 0 0
3711 4 1 0 19 6 1 2 0 0 5
3712 0 4 1 34 4 0 2 0 0 12
3726 5 2 0 2 0 0 1 0 0 1
3750 0 0 0 0 0 0 3 0 0 1
3752 0 0 0 0 0 0 0 0 0 0
3755 0 0 0 0 0 0 0 0 0 0
3760 0 0 0 0 0 0 0 0 0 0
3816 0 0 0 0 0 0 0 0 0 0
3818 0 0 0 0 0 0 0 0 0 0
3821 0 0 0 0 0 0 0 0 0 0
3824 0 0 0 0 1 0 0 0 0 0
3827 1 0 0 1 2 0 1 1 1 1
3830 0 1 0 0 0 0 1 0 1 0
3847 1 0 0 14 0 0 3 0 2 5
3848 0 0 0 0 0 0 0 0 0 0
3860 5 4 0 0 1 0 0 0 0 0
3870 0 0 0 0 0 0 0 0 0 0
3871 0 1 0 0 0 0 0 0 0 0
3880 0 1 0 0 0 0 0 0 0 0
3885 2 0 0 0 0 0 0 0 0 0
3886 0 0 0 2 0 0 2 0 0 1
3888 0 0 0 0 0 0 0 0 0 0
3891 1 0 0 1 0 0 0 0 0 2
3899 2 2 0 0 1 0 0 0 0 0
3906 3 2 1 0 0 0 0 0 0 3
3914 0 0 0 0 0 0 0 0 0 0
3915 0 1 0 3 1 0 0 0 0 0
3916 0 0 0 0 0 0 0 0 0 0
3917 0 0 0 0 0 0 0 0 0 0
3981 0 0 0 0 0 0 0 0 0 0
3983 0 0 0 0 0 0 0 0 0 0
3986 0 0 0 0 0 0 0 0 0 0
3988 0 0 0 0 0 0 0 0 0 0
4006 1 0 0 0 0 0 0 0 0 0
4023 0 0 0 0 0 0 0 0 0 0
4024 0 0 1 0 0 0 0 0 0 0
4058 0 0 0 0 0 0 0 0 0 0
4072 0 0 0 0 0 0 0 0 0 0
4081 1 3 0 5 2 0 2 1 0 2
4084 2 3 1 5 1 0 2 1 0 1
4097 0 0 0 0 0 0 0 0 0 0
4109 2 2 0 1 0 0 1 0 0 0
4113 0 0 0 0 0 0 0 0 0 0
4155 0 0 0 0 0 0 0 0 0 0
4182 0 0 0 0 0 0 0 0 0 0
4217 0 0 0 0 0 0 0 0 0 0
4232 0 0 0 0 0 0 0 0 0 0
4236 10 6 0 1 17 0 3 0 0 3
4265 0 0 0 0 0 0 0 0 0 0
4283 1 2 0 0 0 0 2 0 0 1
4432 0 0 0 0 0 0 0 0 0 0
4442 0 0 0 0 0 0 0 0 0 0
4465 0 0 0 0 0 0 0 0 0 0
4498 0 0 0 0 0 0 0 0 0 0
4511 0 0 0 0 0 0 0 0 0 0
4521 0 0 0 4 0 0 0 0 0 0
4522 0 0 0 0 0 0 0 0 0 0
4528 0 0 0 0 0 0 0 0 0 0
4529 0 0 0 0 0 0 0 0 0 0
4530 5 2 0 1 2 0 0 0 0 3
4533 0 0 0 0 0 0 0 0 0 0
4536 0 0 0 0 0 0 0 0 0 0
4537 0 0 0 0 0 0 0 0 0 0
4538 0 0 0 0 1 0 0 0 0 0
4540 1 0 1 3 0 2 1 0 0 1
4550 0 0 0 0 0 0 0 0 0 0
4555 0 1 0 0 0 0 0 0 0 0
4556 1 1 0 0 0 0 0 0 0 0
4558 1 0 0 0 0 0 0 0 0 0
4565 0 0 0 0 0 0 0 0 0 0
4577 1 0 0 5 1 0 0 0 0 0
4615 0 0 0 1 0 0 0 0 0 6
4628 0 0 0 0 0 0 0 0 0 0
4686 0 0 0 0 0 0 0 0 0 0
13288 1 0 0 1 0 0 0 0 0 0
13427 0 0 0 0 0 0 0 0 0 0
13443 0 0 0 0 0 0 0 0 0 0
13451 0 0 0 0 0 0 0 0 0 0
13579 0 0 0 0 0 0 0 0 0 0
13708 0 0 0 0 0 0 0 0 0 0
13715 0 0 0 0 0 0 0 0 0 0
13818 0 0 0 1 0 0 0 0 0 0
13894 0 0 0 0 0 0 0 0 0 0
15368 0 0 0 0 0 0 0 0 0 0
22663 0 0 0 0 1 0 0 0 0 0
22666 0 0 0 15 1 0 0 0 0 0
23211 0 0 0 0 0 0 0 0 0 0
28502 0 0 0 0 0 0 0 0 0 0
28526 0 0 0 0 0 0 0 0 0 0
28532 0 0 0 0 0 0 0 0 0 0
29655 0 0 0 0 0 0 0 0 0 0
29656 0 0 0 0 0 0 0 0 0 0
29695 0 0 0 0 1 0 0 0 0 0
29722 0 0 0 0 0 0 0 0 0 0
29729 0 0 0 0 0 0 0 0 0 0
29730 0 0 0 0 0 0 0 0 2 0
29760 0 0 0 0 0 0 0 0 0 0
29780 0 0 0 0 0 0 0 0 0 0
29808 2 6 0 13 3 0 1 0 0 1
32201 0 0 0 0 0 0 0 0 0 0
32224 1 0 0 0 4 0 0 0 0 0
32244 0 0 0 0 0 0 0 0 0 0
33114 0 0 0 1 0 0 0 0 0 0
33119 0 0 0 0 0 0 0 0 0 0
34168 0 0 0 0 0 0 0 0 0 0
34294 0 0 0 0 0 0 0 0 0 0
34305 0 1 0 0 1 0 0 0 0 0
35885 0 0 0 0 0 0 0 0 0 0
36596 0 2 0 5 0 0 0 0 0 2
36774 0 1 0 3 0 0 0 0 0 0
38414 0 2 0 0 0 1 0 0 0 0
38705 0 0 0 0 0 0 0 0 0 0
38722 0 0 0 6 0 0 0 0 0 0
38727 0 0 0 6 0 0 0 0 0 0
38785 0 0 0 2 0 0 1 0 0 1
38833 0 0 1 0 0 0 0 0 0 0
38846 0 0 0 0 0 0 0 0 0 0
38873 1 1 0 0 0 0 0 0 0 0
38942 0 0 0 0 0 0 0 0 0 0
39946 2 0 0 0 0 0 0 0 0 0
39947 0 0 0 0 0 0 0 0 0 0
40148 0 0 0 0 0 0 0 0 0 0
40149 0 0 0 0 0 0 0 0 0 0
40686 0 0 0 0 0 0 0 0 0 0
41875 0 0 0 0 0 0 0 0 0 0
42229 1 0 0 0 0 0 0 0 0 0
42345 0 0 0 0 0 0 0 0 0 0
43366 0 3 0 0 0 0 0 0 0 4
43536 0 0 0 0 0 0 0 0 0 0
43782 0 0 0 0 0 0 0 0 0 0
45249 0 1 0 3 1 0 1 0 0 1
45834 0 0 0 0 0 0 0 0 0 0
49168 0 0 0 0 0 0 0 0 0 0
49212 0 0 0 0 0 0 0 0 0 0
49369 0 0 0 0 0 0 0 0 0 0
49390 0 0 0 0 0 0 0 0 0 2
49451 0 0 0 0 0 0 0 0 0 0
49495 0 0 0 1 0 0 0 0 0 0
50273 2 0 1 7 0 0 1 0 0 6
50452 0 0 0 0 0 0 0 0 0 0
51239 1 0 0 0 0 0 0 0 0 0
51240 0 0 0 0 0 0 0 0 0 0
51605 0 0 0 0 0 0 0 0 0 0
51953 0 0 0 0 0 0 0 0 0 0
52838 0 1 0 2 0 0 2 0 0 16
53036 0 0 0 0 0 0 0 0 0 0
54955 0 0 0 0 0 0 0 0 0 0
55184 0 0 0 0 0 0 0 0 0 0
55363 0 0 1 0 0 0 0 0 0 0
55513 4 1 0 2 0 0 0 0 0 0
55571 0 0 0 0 0 0 0 0 0 0
55577 0 0 0 0 0 0 0 0 0 0
56036 2 0 0 0 0 0 0 0 0 0
57577 0 0 0 0 0 0 0 0 0 0
57918 0 0 0 0 0 0 0 0 0 0
57926 0 0 0 0 0 0 0 0 0 0
58331 2 1 0 0 0 0 0 0 0 0
59490 4 4 0 12 13 0 3 0 1 6
59895 0 0 0 0 0 0 0 0 0 0
60698 0 0 0 0 0 0 0 0 0 0
62335 0 1 0 0 0 0 0 0 0 0
63359 0 2 0 0 0 0 0 0 0 1
63459 0 0 0 0 0 0 0 0 0 1
63677 0 0 1 0 0 0 0 0 0 0
63787 0 0 0 0 0 0 0 0 0 0
66656 0 0 0 0 0 0 0 0 0 0
69332 0 0 0 1 0 0 0 0 0 0
70448 0 0 0 1 0 0 0 0 0 0
71139 0 0 0 0 0 0 0 0 0 0
72664 0 0 0 0 0 0 0 0 0 0
72917 0 0 0 0 1 0 0 0 0 0
74645 5 5 0 5 10 0 3 0 1 4
74649 0 0 0 0 0 0 0 0 0 0
75079 1 0 0 0 0 0 0 0 0 0
75702 0 0 0 1 0 0 0 0 0 0
75948 0 0 0 0 0 0 0 0 0 0
77065 0 0 0 0 0 0 0 0 0 0
77586 0 0 0 0 0 0 0 0 0 0
78828 0 0 0 0 0 0 0 0 0 0
79200 0 0 0 0 0 0 0 0 0 0
80379 0 0 0 0 2 0 1 0 1 1
81972 1 0 0 0 0 0 0 0 0 0
81985 0 0 0 0 0 0 0 0 0 0
85681 0 0 0 0 0 0 0 0 0 0
86752 0 0 0 0 0 0 0 0 0 0
88036 0 0 0 0 0 0 0 0 0 0
89674 0 0 0 0 0 0 0 0 0 0
90397 0 1 0 2 0 0 0 0 0 0
90675 0 0 0 0 0 0 0 0 0 0
92480 0 0 0 0 0 0 0 0 0 0
94219 0 0 0 0 0 0 0 0 0 0
94328 1 0 0 2 0 0 0 0 0 0
96939 0 0 0 0 0 0 0 0 0 0
97700 0 0 0 0 0 0 0 0 0 0
99300 2 2 0 0 0 0 0 0 1 1
99658 0 0 0 0 0 0 0 0 0 0
102107 0 0 0 0 0 0 0 0 0 0
102211 0 0 0 0 0 0 0 0 0 0
103349 0 0 0 0 0 0 0 0 0 0
109376 1 1 0 0 0 0 0 0 0 0
110835 0 0 0 0 1 0 0 0 0 0
112509 1 0 0 5 0 0 0 0 0 0
112863 0 0 0 0 0 0 0 0 0 0
112874 5 3 1 1 0 0 1 0 0 0
114280 0 0 0 0 0 0 0 0 0 0
118357 0 0 0 0 0 0 0 0 0 0
118781 0 0 0 0 0 0 0 0 0 0
119954 0 0 0 0 0 0 0 0 0 0
128206 0 0 0 0 0 0 0 0 0 0
128215 0 0 0 0 0 0 0 0 0 0
128251 0 0 0 0 0 0 0 0 0 0
130081 0 0 0 0 0 0 0 0 0 0
130453 0 0 0 0 0 0 0 0 0 0
130454 0 0 0 0 0 0 0 0 0 0
147425 0 2 0 1 1 1 0 0 0 1
152367 0 0 0 0 0 0 0 0 0 0
152371 1 0 0 0 0 0 0 0 0 0
155640 0 0 0 0 0 0 0 0 0 1
158149 1 1 0 0 0 0 0 0 0 0
158383 0 0 0 0 0 0 0 0 0 0
158543 0 0 0 0 0 0 0 0 0 0
161865 0 0 0 0 0 0 0 0 0 0
165200 0 0 0 0 0 0 0 0 0 0
167791 0 0 0 0 0 0 0 0 0 0
168488 0 0 0 0 0 0 0 0 0 0
168575 0 0 0 0 0 0 0 0 0 0
172797 0 0 0 0 0 0 0 0 0 0
175694 0 0 0 0 0 0 0 0 0 0
176857 1 0 1 0 0 0 0 0 0 0
178133 0 0 0 0 0 0 0 0 0 0
180498 0 0 0 0 0 0 0 0 0 0
180675 0 0 0 2 0 0 1 0 0 0
182163 0 0 0 0 0 0 0 0 0 0
185202 0 0 0 0 0 0 0 0 0 0
187284 0 0 0 0 0 0 0 0 0 0
192012 2 2 0 3 1 0 0 0 0 0
195583 2 2 0 1 1 0 2 1 0 0
198213 0 0 0 0 0 0 0 0 0 0
200361 0 0 0 4 0 0 0 0 0 1
206008 2 0 0 0 0 0 0 0 0 0
210143 0 0 0 0 0 0 0 0 0 0
210225 0 0 0 0 0 0 0 0 0 0
212925 1 2 0 1 1 0 1 0 0 0
214687 0 0 0 0 0 0 0 0 0 0
217475 0 0 0 0 0 0 0 0 0 0
219896 0 1 0 2 0 0 0 0 0 0
225117 0 0 0 1 0 1 0 0 0 12
226208 0 0 0 0 0 0 0 0 0 0
229202 0 0 0 0 0 0 0 0 0 0
236973 0 0 1 2 1 0 0 0 0 0
240449 0 6 0 2 0 1 1 0 0 0
243964 1 1 0 5 0 0 1 0 0 5
248742 0 0 0 0 0 0 0 0 0 0
252529 2 1 0 2 3 0 1 0 0 2
253017 0 0 0 0 0 0 0 0 0 0
261450 0 0 0 0 0 0 0 0 0 0
262757 0 1 0 0 0 0 0 0 0 0
262921 0 0 0 0 0 0 0 0 0 0
264402 0 0 0 0 0 0 0 0 0 0
273540 0 0 0 0 0 0 0 0 0 0
280699 0 0 0 0 0 0 0 0 0 0
296587 0 0 0 0 0 0 0 0 0 0
309978 0 1 0 1 0 0 0 0 0 0
315347 0 1 1 2 0 0 1 0 0 0
320322 0 1 0 0 0 0 0 0 0 0
325984 0 0 0 0 0 0 0 0 0 0
326968 0 0 0 0 0 0 0 0 0 0
347529 0 0 0 0 0 0 0 0 0 0
360336 0 0 0 0 0 0 0 0 0 0
360622 0 0 0 0 0 0 0 0 0 0
362788 0 0 0 0 0 0 0 0 0 0
397392 0 0 0 0 0 0 0 0 0 0
402998 0 0 0 0 0 0 0 0 0 0
425828 0 0 0 0 1 0 0 0 0 0
434234 0 0 0 0 0 0 0 0 0 0
434235 0 0 0 0 0 0 0 0 0 0
436017 0 0 0 0 0 0 0 0 0 0
455371 0 0 0 0 0 0 0 0 0 0
458696 1 2 0 3 3 0 1 0 3 1
461633 0 0 0 0 0 0 0 0 0 0
479676 0 0 0 0 0 0 0 0 0 0
544730 0 0 0 0 0 0 0 0 0 0
554065 0 0 0 0 0 0 0 0 0 0
561372 0 0 0 0 0 0 0 0 0 0
586398 0 0 0 0 1 0 0 0 0 0
586722 1 0 0 0 0 0 0 0 0 0
889485 0 0 0 0 0 0 0 0 0 0
906689 0 0 0 0 0 0 0 0 0 0
906938 0 0 0 1 0 0 0 0 0 0
981085 0 0 0 0 0 0 0 0 0 0
1000413 5 6 0 14 8 0 2 0 0 2
1010633 0 0 0 0 0 0 0 0 0 0
1070856 0 0 0 6 0 0 0 0 0 0
1148796 0 0 0 0 0 0 0 0 0 0
1278906 0 0 0 0 0 0 0 0 0 0
1413687 0 0 0 0 0 0 0 0 0 0
1470871 0 0 0 0 0 0 0 0 0 0
1590841 0 0 0 0 0 0 0 0 0 0
1764295 0 0 0 0 0 0 0 0 0 0
1813537 0 0 0 0 0 0 0 0 0 0
1840588 0 0 0 0 0 0 0 0 0 0
1862640 0 0 0 0 0 0 0 0 0 0
2022672 0 0 0 0 0 0 0 0 0 0
2182728 0 0 0 2 0 0 0 0 1 0
2249226 0 0 0 0 0 0 0 0 0 0
2315456 0 0 0 0 0 0 0 0 0 0
2448454 0 0 0 0 0 0 0 0 0 0
2511006 1 0 0 2 0 0 1 0 0 1
2594499 0 0 0 0 0 0 0 0 0 0
2742167 0 0 0 0 0 0 0 0 0 0
2759587 20 30 0 59 10 1 13 0 4 11
2812611 0 0 0 0 0 0 0 0 0 0
3014308 0 0 0 4 0 0 0 0 0 0
3014309 0 2 0 14 0 0 0 0 0 0
3162873 0 0 0 0 0 0 0 0 0 0
