DATASET_HEATMAP
#In heatmaps, each ID is associated to multiple numeric values, which are displayed as a set of colored boxes defined by a color gradient
#lines starting with a hash are comments and ignored during parsing
#=================================================================#
#                    MANDATORY SETTINGS                           #
#=================================================================#
#select the separator which is used to delimit the data below (TAB,SPACE or COMMA).This separator must be used throughout this file (except in the SEPARATOR line, which uses space).
#SEPARATOR TAB
SEPARATOR SPACE
#SEPARATOR COMMA

#label is used in the legend table (can be changed later)
DATASET_LABEL HTTs

#dataset color (can be changed later)
COLOR #ff0000

#define labels for each individual field column
FIELD_LABELS TE_Unknown_OG0024672 TE_Gypsy_OG0021796 TE_Copia_OG0017853 TE_Mutator_OG0000004

#=================================================================#
#                    OPTIONAL SETTINGS                            #
#=================================================================#


#Heatmaps can have an optional Newick formatted tree assigned. Its leaf IDs must exactly match the dataset FIELD_LABELS.
#The tree will be used to sort the dataset fields, and will be displayed above the dataset. It can have branch lengths defined.
#All newlines and spaces should be stripped from the tree, and COMMA cannot be used as the dataset separator if a FIELD_TREE is provided.
FIELD_TREE (((f1:0.2,f5:0.5):1,(f2_longer_one:0.2,f3:0.3):1.2):0.5,(f4:0.1,f6:0.5):0.8):1.52;
#FIELD_TREE (((f1,f5),(f2_longer_one,f3)),(f4,f6));
#FIELD_TREE (:0.1,:0.2,(:0.3,:0.4):0.5):0.0;

#=================================================================#
#     all other optional settings can be set or changed later     #
#           in the web interface (under 'Datasets' tab)           #
#=================================================================#

#left margin, used to increase/decrease the spacing to the next dataset. Can be negative, causing datasets to overlap.
MARGIN 0

#width of the individual boxes
STRIP_WIDTH 50

#always show internal values; if set, values associated to internal nodes will be displayed even if these nodes are not collapsed. It could cause overlapping in the dataset display.
SHOW_INTERNAL 0

#if a FIELD_TREE is present, it can be hidden by setting this option to 0
SHOW_TREE 1

#define the heatmap gradient colors. Values in the dataset will be mapped onto the corresponding color gradient.
COLOR_MIN #0000ff
COLOR_MAX #ff0000

#you can specify a gradient with three colors (e.g red to yellow to green) by setting 'USE_MID_COLOR' to 1, and specifying the midpoint color
USE_MID_COLOR 1
COLOR_MID #ffff00

#Internal tree nodes can be specified using IDs directly, or using the 'last common ancestor' method described in iTOL help pages
#=================================================================#
#       Actual data follows after the "DATA" keyword              #
#=================================================================#
DATA
#ID1 Copia Gypsy LINE CACTA Helitron Mariner Mutator PIF-Harbinger hAT Other
#2711 0 0 0 0 0 0 0 0 0 0
2711 1 0 0 0
2769 0 0 0 0
2788 0 0 0 0
3055 0 0 0 0
3067 0 0 0 0
3075 0 0 0 0
3088 0 0 0 0
3197 0 0 0 0
3218 0 11 3 0
3225 0 0 0 0
3352 9 0 0 0
3369 7 0 0 0
3435 0 0 0 0
3469 5 0 0 0
3483 1 0 0 0
3486 0 0 0 0
3494 0 0 0 0
3512 96 50 87 540
3517 135 2186 51 157
3555 1 0 0 0
3562 4 0 0 0
3570 0 0 0 0
3572 8120 4910 1584 227
3617 0 0 0 0
3635 0 0 0 0
3641 0 0 0 0
3649 0 0 0 0
3654 0 0 0 0
3656 1 0 0 0
3659 0 0 0 0
3663 0 0 0 0
3691 23 132 95 9
3694 0 0 0 0
3696 0 0 0 0
3702 0 0 0 0
3707 0 0 0 0
3708 1 0 0 0
3711 0 0 0 0
3712 16 27 21 112
3726 31 5 6 56
3750 3 0 0 0
3752 4 0 0 0
3755 0 0 0 0
3760 2 0 0 0
3816 0 32 32 43
3818 10 0 0 0
3821 0 0 0 0
3824 0 21 2 18
3827 0 0 0 0
3830 384 486 258 205
3847 0 0 0 0
3848 0 0 0 0
3860 43960 111778 7985 304
3870 0 0 0 0
3871 0 0 0 0
3880 1 0 0 0
3885 0 0 0 0
3886 38 65 12 19
3888 1 0 0 0
3891 17 97 62 59
3899 0 0 0 0
3906 9500 100424 18879 840
3914 0 0 0 0
3915 281 151 38 119
3916 1 0 0 0
3917 0 0 0 0
3981 1 0 0 0
3983 0 0 0 0
3986 1 0 0 0
3988 0 0 0 0
4006 0 0 0 0
4023 0 0 0 0
4024 0 0 0 0
4058 0 0 0 0
4072 0 0 0 37
4081 0 0 0 1
4084 579 1377 17 149
4097 2 0 0 15
4109 93 548 98 164
4111 0 0 0 10
4113 0 0 0 0
4155 1 0 1 0
4182 0 0 0 0
4217 5 0 0 0
4232 11 0 0 1
4236 1647 1301 546 176
4265 0 0 0 0
4283 2112 903 340 364
4432 0 0 0 0
4442 6 0 0 0
4465 1 0 0 0
4498 2 0 0 0
4511 0 0 0 0
4521 669 277 15 25
4522 1 0 0 0
4528 0 0 0 0
4529 0 0 0 0
4530 2495 9 2 15
4533 6 1 322 23
4536 1 0 0 0
4537 0 0 0 0
4538 718 5 155 22
4540 7 20 104 21
4550 4 0 0 0
4555 0 0 0 0
4556 0 0 0 0
4558 0 0 0 0
4565 13 0 0 0
4577 1 0 0 0
4615 0 0 0 0
4628 0 0 0 0
4686 238 59 39 37
13288 1 0 0 0
13427 16 0 0 0
13443 0 0 0 0
13451 0 0 0 0
13579 0 0 0 0
13708 2 0 0 0
13715 2 0 0 0
13818 5 0 0 0
13894 0 0 0 0
15368 0 0 0 0
22663 0 0 0 0
22666 0 0 12 14
23211 0 0 0 0
28502 0 0 0 0
28526 0 0 0 2
28532 0 0 0 0
29655 0 0 0 0
29656 0 0 0 0
29695 419 435 59 24
29722 0 0 0 0
29729 1 0 0 0
29730 0 0 0 0
29760 0 0 0 0
29780 0 0 0 0
29808 1220 6050 573 869
32201 0 0 0 0
32224 185 157 223 286
32244 12 16 17 266
33114 0 0 0 26
33119 0 0 0 6
34168 0 0 0 0
34294 0 0 0 0
34305 0 0 0 0
35885 0 0 0 0
36596 221 33 30 301
36774 32 27 37 167
38414 3 0 0 0
38705 2 0 0 0
38722 0 0 0 0
38727 0 0 0 0
38785 0 1 20 21
38833 0 0 0 0
38846 0 0 0 0
38873 0 0 0 0
38942 1 0 0 0
39946 1 0 0 0
39947 554 232 1 24
40148 0 0 0 0
40149 0 0 0 0
40686 0 0 0 0
41875 0 0 0 0
42229 0 0 0 0
42345 0 0 0 0
43366 339 619 132 121
43536 0 0 0 0
43782 0 0 0 0
45249 2 9 21 47
45834 4 0 0 7
49168 1 0 0 0
49212 0 0 0 0
49369 2 0 0 0
49390 0 0 0 0
49451 2 0 0 9
49495 3 0 0 0
50273 1358 806 47 142
50452 0 0 0 0
51239 0 0 0 0
51240 0 0 0 0
51605 0 0 0 0
51953 0 0 0 0
52838 575 1690 3651 264
53036 0 0 0 0
54955 0 0 0 1
55184 0 0 0 0
55363 99 0 0 0
55513 0 0 0 0
55571 1 0 0 0
55577 1 0 0 0
56036 0 0 0 0
57577 1 0 0 0
57918 0 0 0 0
57926 0 0 0 0
58331 1 2 0 0
59490 142 10 148 138
59895 0 0 0 0
60698 1 0 0 0
62335 0 0 0 0
63359 610 295 99 532
63459 4 0 0 0
63677 0 0 0 0
63787 0 0 0 0
66656 2 0 7 35
69332 0 0 0 0
70448 0 0 0 0
71139 0 0 0 0
72664 0 0 0 0
72917 4 0 0 0
74645 682 210 241 156
74649 2 0 0 0
75079 1 0 0 0
75702 0 0 0 0
75948 9 0 0 0
77065 0 0 0 0
77586 0 0 0 0
78828 0 0 0 0
79200 0 0 0 0
80379 77 344 69 130
81972 1 0 0 0
81985 0 2 1 15
85681 1 0 0 0
86752 0 0 0 0
88036 0 0 0 0
89674 3 0 0 0
90397 0 0 0 0
90675 0 0 0 0
92480 1 0 0 0
94219 1 0 0 0
94328 2758 2027 155 1092
96939 1 0 0 0
97700 0 0 0 0
99300 174 612 387 509
99658 1 0 0 0
102107 1 0 0 0
102211 0 0 0 0
103349 303 5 28 44
109376 0 0 0 0
110835 0 0 0 0
112509 0 0 0 0
112863 12 0 0 22
112874 15 0 0 12
114280 3 0 0 0
118357 1 0 0 0
118781 1 0 0 0
119954 3 6 3 72
128206 0 0 2 20
128215 0 0 0 0
128251 0 0 0 27
130081 0 0 0 0
130453 0 0 0 0
130454 2 0 0 0
147425 70 1912 245 95
152367 143 70 73 548
152371 999 71 102 814
155640 15 29 6 33
158149 5 0 0 0
158383 0 0 0 0
158543 0 0 0 0
161865 0 0 0 0
165200 0 0 0 0
167791 0 0 0 0
168488 5 0 0 0
168575 0 0 0 0
172797 1 0 0 7
175694 18 7 63 44
176857 1 0 0 0
178133 0 0 0 0
180498 0 0 0 0
180675 250 2176 134 192
182163 0 0 0 0
185202 4 0 0 2
187284 0 0 0 0
192012 680 2246 223 133
195583 57 1218 12 137
198213 1 0 0 0
200361 5 0 0 0
206008 0 0 0 0
210143 0 0 0 0
210225 0 0 0 0
212925 489 289 1426 404
214687 0 0 0 0
217475 2 0 0 0
219896 4 10 20 127
225117 0 0 0 0
226208 2 0 0 0
229202 2 0 0 0
236973 0 9 7 7
240449 1408 722 739 105
243964 188 951 388 116
248742 0 0 0 0
252529 17 5 4 32
253017 1 0 0 0
261450 3 0 0 0
262757 6 4 1 266
262921 0 0 0 0
264402 0 0 0 0
273540 1 0 0 0
280699 0 0 0 0
296587 0 0 0 0
309978 0 0 0 0
315347 18 379 63 298
320322 1671 20 1102 88
325984 1 0 0 0
326968 0 0 0 0
347529 3 0 0 0
360336 0 0 0 0
360622 0 0 0 0
362788 4 0 0 0
397392 5 0 0 0
402998 3 0 0 27
425828 280 645 229 718
434234 0 0 0 0
434235 0 0 0 0
436017 0 0 0 0
455371 0 0 0 0
458696 494 408 169 200
461633 180 170 263 87
479676 1 0 0 0
544730 0 0 0 0
554065 0 0 0 0
561372 6 0 0 0
586398 30 88 24 287
586722 0 0 0 0
889485 0 0 0 0
906689 0 0 0 0
906938 2 0 0 0
981085 0 0 0 0
1000413 1043 144 567 223
1010633 0 0 0 0
1070856 0 0 0 0
1148796 0 0 0 0
1278906 1 0 0 0
1413687 1 0 0 0
1470871 0 0 0 0
1590841 1 0 0 0
1764295 0 0 0 0
1813537 1 0 0 0
1840588 6 0 0 0
1862640 5 0 0 0
2022672 1 0 0 0
2182728 1014 100 358 21
2249226 0 0 0 0
2315456 0 0 0 0
2448454 3 0 0 0
2511006 19 7 312 16
2594499 0 0 0 0
2742167 0 0 0 0
2759587 15401 72105 14642 927
2812611 0 0 0 0
3014308 0 0 0 0
3014309 0 0 0 0
